SLOT,LAYER,AX_AVG,AX_MIN,AX_MAX,AX_ABS,AY_AVG,AY_MIN,AY_MAX,AY_ABS,BX_AVG,BX_MIN,BX_MAX,BX_ABS,BY_AVG,BY_MIN,BY_MAX,BY_ABS,C_AVG,C_MIN,C_MAX,C_ABS,JUMP_AVG,JUMP_MIN,JUMP_MAX,JUMP_ABS
1,1-2,-2.03,-2.29,-1.91,0.38,47.82,47.77,47.94,0.16,-2.43,-2.52,-2.21,0.31,50.37,50.31,50.45,0.14,2.59,2.52,2.65,0.12,4.53,4.34,4.71,0.36
1,3-4,-2.26,-2.8,-1.98,0.81,54.9,54.66,55.05,0.39,-2.58,-2.74,-2.47,0.27,57.65,57.51,57.72,0.21,2.77,2.64,2.86,0.21,0,0,0,0
2,1-2,-8.02,-8.27,-7.88,0.39,47.06,46.94,47.15,0.21,-8.67,-8.83,-8.55,0.27,49.64,49.41,49.83,0.42,2.66,2.5,2.8,0.29,4.53,4.28,4.87,0.58
2,3-4,-9.01,-9.52,-8.67,0.85,54.16,53.81,54.37,0.55,-9.98,-10.28,-9.86,0.41,56.84,56.7,56.99,0.28,2.85,2.76,3.05,0.29,0,0,0,0
3,1-2,-13.87,-14.29,-13.68,0.6,45.64,45.47,45.72,0.25,-14.93,-15.07,-14.66,0.41,48.11,47.8,48.33,0.53,2.69,2.46,2.92,0.46,4.41,4.21,4.57,0.36
3,3-4,-15.97,-16.42,-15.63,0.79,52.41,52.17,52.6,0.42,-16.9,-17.19,-16.7,0.49,54.88,54.82,54.99,0.17,2.65,2.52,2.76,0.23,0,0,0,0
4,1-2,-19.51,-19.86,-19.32,0.53,43.51,43.4,43.64,0.24,-20.77,-20.91,-20.57,0.33,45.78,45.64,45.88,0.24,2.6,2.5,2.68,0.18,4.54,4.42,4.76,0.33
4,3-4,-22.36,-22.62,-22.13,0.49,50.04,49.79,50.32,0.53,-23.9,-24.07,-23.81,0.26,52.37,52.17,52.49,0.32,2.8,2.57,3.01,0.43,0,0,0,0
5,1-2,-24.73,-24.98,-24.55,0.42,40.64,40.58,40.71,0.13,-26.45,-26.78,-26.24,0.54,42.72,42.63,42.87,0.23,2.7,2.46,2.89,0.43,4.42,4.22,4.65,0.43
5,3-4,-28.53,-28.85,-28.39,0.46,46.63,46.37,46.94,0.57,-30.19,-30.26,-30.16,0.1,48.64,48.55,48.71,0.16,2.61,2.48,2.71,0.23,0,0,0,0
6,1-2,-29.83,-30.2,-29.68,0.51,36.98,36.81,37.11,0.3,-31.78,-31.95,-31.52,0.42,38.89,38.72,38.99,0.26,2.72,2.57,2.86,0.29,4.43,4.09,4.74,0.65
6,3-4,-34.19,-34.54,-34.02,0.52,42.6,42,42.83,0.82,-36.42,-36.57,-36.26,0.31,44.38,44.25,44.47,0.21,2.85,2.77,3.03,0.25,0,0,0,0
7,1-2,-34.3,-34.64,-34.2,0.43,32.73,32.56,32.81,0.25,-36.49,-36.89,-36.27,0.61,34.28,34.13,34.42,0.28,2.68,2.56,2.79,0.23,4.51,4.2,4.62,0.41
7,3-4,-39.43,-39.76,-39.26,0.5,37.71,37.28,37.95,0.67,-41.59,-41.82,-41.42,0.39,39.4,39.25,39.54,0.28,2.73,2.6,2.9,0.29,0,0,0,0
8,1-2,-38.16,-38.49,-38.03,0.46,28.04,27.89,28.13,0.23,-40.38,-40.64,-40.15,0.48,29.52,29.35,29.58,0.22,2.67,2.59,2.76,0.16,4.57,4.24,4.87,0.62
8,3-4,-43.81,-44.04,-43.68,0.35,32.54,31.9,32.97,1.07,-46.34,-46.47,-46.22,0.25,33.62,33.46,33.75,0.28,2.75,2.63,2.89,0.26,0,0,0,0
9,1-2,-41.18,-41.51,-41.06,0.44,22.88,22.78,22.98,0.19,-43.62,-43.9,-43.49,0.4,23.88,23.72,24.01,0.29,2.64,2.5,2.78,0.27,4.47,4.3,4.62,0.31
9,3-4,-47.42,-47.63,-47.33,0.3,26.27,25.96,26.55,0.58,-49.89,-50.09,-49.77,0.32,27.35,27.25,27.5,0.25,2.7,2.6,2.8,0.19,0,0,0,0
10,1-2,-43.48,-43.71,-43.36,0.35,17.33,17.18,17.43,0.25,-46.01,-46.24,-45.81,0.42,18.05,18.01,18.13,0.11,2.63,2.54,2.77,0.23,4.59,4.38,4.88,0.5
10,3-4,-50.19,-50.38,-50.07,0.31,19.96,19.39,20.3,0.91,-52.97,-53.17,-52.9,0.27,20.42,20.3,20.52,0.21,2.83,2.68,2.97,0.29,0,0,0,0
11,1-2,-45.36,-45.6,-45.22,0.38,11.5,11.32,11.6,0.27,-47.96,-48.24,-47.74,0.5,11.95,11.85,12.17,0.32,2.63,2.52,2.74,0.21,4.54,4.34,4.7,0.35
11,3-4,-52.35,-52.5,-52.26,0.24,13.17,12.77,13.48,0.71,-55.17,-55.3,-55.05,0.25,13.42,13.32,13.54,0.21,2.84,2.76,2.92,0.16,0,0,0,0
12,1-2,-46.23,-46.45,-46.14,0.31,5.4,5.05,5.51,0.45,-48.95,-49.21,-48.84,0.36,5.34,5.25,5.42,0.16,2.72,2.62,2.86,0.23,4.45,4.09,4.63,0.53
12,3-4,-53.3,-53.37,-53.22,0.14,6.29,5.8,6.62,0.82,-56.05,-56.26,-55.97,0.28,5.93,5.75,6.01,0.25,2.78,2.67,2.9,0.23,0,0,0,0
13,1-2,-46.36,-46.52,-46.24,0.28,-0.87,-1.01,-0.82,0.19,-49.04,-49.16,-48.89,0.26,-1.25,-1.5,-0.96,0.54,2.71,2.59,2.81,0.22,4.4,4.26,4.76,0.5
13,3-4,-53.43,-53.71,-53.33,0.38,-0.96,-1.3,-0.48,0.82,-56.33,-56.43,-56.2,0.22,-1.3,-1.39,-1.2,0.18,2.92,2.83,3,0.16,0,0,0,0
14,1-2,-45.65,-45.88,-45.55,0.33,-6.84,-6.98,-6.74,0.24,-48.27,-48.65,-48.07,0.57,-7.48,-7.68,-7.34,0.33,2.69,2.58,2.86,0.27,4.52,4.17,4.71,0.54
14,3-4,-52.77,-52.93,-52.55,0.38,-7.89,-8.19,-7.7,0.48,-55.45,-55.69,-55.29,0.39,-8.72,-8.91,-8.51,0.4,2.8,2.67,2.98,0.31,0,0,0,0
15,1-2,-44.22,-44.35,-44.11,0.24,-12.8,-13.1,-12.71,0.38,-46.76,-46.92,-46.69,0.23,-13.71,-13.98,-13.43,0.55,2.7,2.63,2.77,0.14,4.57,4.43,4.95,0.52
15,3-4,-51.2,-51.57,-51.04,0.53,-14.85,-15.22,-14.51,0.71,-53.82,-53.98,-53.69,0.28,-15.94,-16.14,-15.86,0.28,2.84,2.72,3.01,0.28,0,0,0,0
16,1-2,-41.94,-42.05,-41.84,0.2,-18.5,-18.75,-18.39,0.35,-44.26,-44.53,-44.15,0.38,-19.77,-19.92,-19.59,0.33,2.65,2.57,2.82,0.25,4.54,4.3,4.75,0.44
16,3-4,-48.53,-49,-48.24,0.75,-21.33,-21.67,-20.99,0.68,-50.96,-51.13,-50.87,0.26,-22.9,-23.13,-22.82,0.3,2.91,2.75,3.18,0.43,0,0,0,0
17,1-2,-39.03,-39.13,-38.89,0.24,-23.92,-24.13,-23.83,0.3,-41.24,-41.39,-41.13,0.25,-25.49,-25.77,-25.18,0.58,2.71,2.59,2.93,0.34,4.54,4.36,4.9,0.54
17,3-4,-45.26,-45.59,-45.03,0.56,-27.62,-27.96,-27.34,0.62,-47.49,-47.65,-47.36,0.28,-29.43,-29.6,-29.33,0.27,2.88,2.8,3.09,0.29,0,0,0,0
18,1-2,-35.36,-35.54,-35.21,0.32,-28.65,-28.86,-28.56,0.3,-37.21,-37.43,-37.11,0.32,-30.57,-30.7,-30.22,0.48,2.66,2.48,2.77,0.29,4.6,4.46,4.79,0.33
18,3-4,-41.02,-41.25,-40.57,0.67,-33.15,-33.45,-32.97,0.47,-42.94,-43.1,-42.85,0.25,-35.28,-35.42,-35.11,0.3,2.88,2.68,3.17,0.48,0,0,0,0
19,1-2,-31.08,-31.16,-30.99,0.17,-33.2,-33.33,-33.04,0.28,-32.76,-32.96,-32.65,0.31,-35.29,-35.47,-34.93,0.54,2.68,2.52,2.92,0.39,4.58,4.26,4.86,0.59
19,3-4,-36.07,-36.45,-35.9,0.55,-38.47,-38.67,-38.22,0.44,-37.84,-37.97,-37.76,0.21,-40.69,-40.86,-40.58,0.28,2.84,2.76,2.96,0.2,0,0,0,0
20,1-2,-26.35,-26.47,-26.21,0.25,-36.96,-37.1,-36.86,0.24,-27.88,-28.03,-27.57,0.46,-39.14,-39.4,-38.77,0.62,2.66,2.56,2.8,0.23,4.55,4.18,5.05,0.87
20,3-4,-30.63,-31.08,-30.18,0.89,-42.77,-42.94,-42.52,0.41,-32.07,-32.21,-31.96,0.25,-45.34,-45.52,-45.25,0.27,2.95,2.76,3.29,0.53,0,0,0,0
21,1-2,-21.04,-21.11,-20.9,0.21,-40.02,-40.15,-39.79,0.35,-22.01,-22.14,-21.9,0.24,-42.58,-42.88,-42.27,0.6,2.73,2.56,3.03,0.46,4.55,4.22,4.8,0.58
21,3-4,-24.43,-24.92,-24.18,0.74,-46.44,-46.61,-46.17,0.43,-25.54,-25.62,-25.44,0.17,-49.13,-49.31,-48.97,0.34,2.91,2.79,3.13,0.33,0,0,0,0
22,1-2,-15.27,-15.37,-15.2,0.16,-42.57,-42.72,-42.36,0.35,-16.09,-16.22,-15.93,0.28,-45.09,-45.3,-44.92,0.37,2.64,2.6,2.76,0.15,4.52,4.28,4.99,0.71
22,3-4,-18.02,-18.54,-17.72,0.82,-49.18,-49.33,-48.95,0.37,-18.66,-18.79,-18.55,0.23,-51.97,-52.1,-51.83,0.27,2.86,2.73,3.21,0.48,0,0,0,0
23,1-2,-9.46,-9.6,-9.31,0.28,-44.26,-44.38,-43.77,0.6,-9.77,-9.94,-9.65,0.28,-47,-47.16,-46.88,0.27,2.75,2.6,3.33,0.73,4.39,4.16,4.57,0.41
23,3-4,-11.11,-11.38,-10.94,0.44,-51.19,-51.3,-51.05,0.25,-11.59,-11.68,-11.53,0.15,-54.03,-54.13,-53.95,0.17,2.88,2.77,3.02,0.25,0,0,0,0
24,1-2,-3.55,-3.76,-3.46,0.29,-45.05,-45.16,-44.9,0.25,-3.48,-3.65,-3.35,0.29,-47.75,-47.85,-47.66,0.19,2.7,2.6,2.76,0.15,4.42,4.21,4.72,0.5
24,3-4,-4.18,-4.54,-4.01,0.53,-52.11,-52.28,-51.88,0.39,-4.3,-4.38,-4.16,0.22,-55.07,-55.19,-55.01,0.17,2.96,2.79,3.17,0.37,0,0,0,0
25,1-2,2.56,2.41,2.76,0.34,-45.25,-45.38,-44.71,0.67,2.94,2.6,3.07,0.46,-47.89,-48.02,-47.58,0.44,2.67,2.61,2.87,0.26,4.43,4.26,4.62,0.36
25,3-4,2.95,2.6,3.23,0.62,-52.32,-52.51,-52.16,0.35,3.19,3.12,3.3,0.17,-55.26,-55.36,-55.19,0.17,2.95,2.76,3.13,0.37,0,0,0,0
26,1-2,8.67,8.48,8.82,0.33,-44.42,-44.61,-44.29,0.32,9.4,9.06,9.71,0.65,-47.09,-47.38,-46.8,0.58,2.77,2.52,3.03,0.5,4.37,4.19,4.54,0.34
26,3-4,9.96,9.74,10.28,0.53,-51.43,-51.7,-51.23,0.47,10.61,10.47,10.76,0.28,-54.4,-54.47,-54.35,0.11,3.04,2.81,3.29,0.48,0,0,0,0
27,1-2,14.58,14.39,14.78,0.38,-42.96,-43.04,-42.81,0.22,15.67,15.52,15.84,0.32,-45.44,-45.52,-45.34,0.17,2.71,2.63,2.8,0.16,4.37,4.19,4.54,0.34
27,3-4,16.78,16.59,16.93,0.33,-49.67,-49.79,-49.52,0.26,17.77,17.72,17.86,0.14,-52.58,-52.64,-52.54,0.1,3.07,2.94,3.31,0.37,0,0,0,0
28,1-2,20.36,20.3,20.44,0.14,-40.49,-40.56,-40.42,0.14,21.66,21.45,21.88,0.42,-42.97,-43.22,-42.81,0.4,2.8,2.68,2.95,0.27,4.46,4.26,4.67,0.41
28,3-4,23.19,22.97,23.56,0.58,-47.17,-47.48,-46.84,0.63,24.74,24.57,24.94,0.37,-49.78,-49.83,-49.75,0.07,3.04,2.72,3.29,0.56,0,0,0,0
29,1-2,25.78,25.65,25.89,0.24,-37.63,-37.72,-37.52,0.19,27.48,27.3,27.65,0.34,-39.79,-39.99,-39.65,0.34,2.74,2.62,2.96,0.33,4.4,4.24,4.54,0.29
29,3-4,29.53,29.37,29.67,0.3,-43.69,-44.19,-43.51,0.67,31.3,31.18,31.41,0.23,-46.16,-46.28,-46.07,0.21,3.04,2.89,3.23,0.33,0,0,0,0
30,1-2,30.73,30.63,30.82,0.19,-33.82,-33.93,-33.77,0.15,32.54,32.38,32.79,0.41,-35.81,-36,-35.69,0.31,2.69,2.56,2.82,0.25,4.54,4.28,5.01,0.72
30,3-4,35.03,34.84,35.28,0.43,-39.61,-40.03,-39.2,0.82,37.24,36.97,37.34,0.37,-41.64,-41.73,-41.56,0.16,3.01,2.8,3.26,0.46,0,0,0,0
31,1-2,35.12,34.97,35.22,0.25,-29.52,-29.65,-29.37,0.27,37.25,36.97,37.54,0.57,-31.22,-31.44,-31.14,0.3,2.72,2.54,3.09,0.54,4.49,4.32,4.76,0.43
31,3-4,40.25,40.01,40.47,0.46,-34.56,-35.01,-34.17,0.83,42.63,42.39,42.78,0.39,-36.41,-36.59,-36.25,0.34,3.02,2.86,3.17,0.31,0,0,0,0
32,1-2,38.93,38.78,39.06,0.28,-24.74,-24.86,-24.66,0.19,41.21,40.97,41.53,0.56,-26.19,-26.34,-26.04,0.3,2.7,2.56,2.96,0.39,4.48,4.11,4.76,0.65
32,3-4,44.6,44.46,44.83,0.36,-29.13,-29.37,-28.7,0.67,47.11,46.88,47.23,0.34,-30.53,-30.64,-30.43,0.21,2.88,2.74,3.02,0.27,0,0,0,0
33,1-2,41.93,41.78,42.05,0.26,-19.38,-19.48,-19.25,0.23,44.35,44.12,44.46,0.34,-20.47,-20.6,-20.38,0.22,2.65,2.56,2.77,0.2,4.54,4.26,4.71,0.44
33,3-4,48.21,47.81,48.6,0.78,-22.87,-23.07,-22.73,0.33,50.86,50.69,50.99,0.3,-24.15,-24.24,-24.08,0.16,2.94,2.72,3.21,0.48,0,0,0,0
34,1-2,44.39,44.1,44.52,0.42,-13.64,-13.78,-13.41,0.36,46.95,46.63,47.21,0.57,-14.67,-14.85,-14.58,0.26,2.75,2.64,2.97,0.33,4.45,4.21,4.84,0.63
34,3-4,51.02,50.79,51.25,0.46,-16.46,-17.1,-16.07,1.03,53.76,53.63,53.9,0.26,-17.28,-17.36,-17.18,0.17,2.86,2.67,2.99,0.32,0,0,0,0
35,1-2,45.95,45.82,46.01,0.18,-8.04,-8.32,-7.9,0.41,48.65,48.41,48.79,0.38,-8.26,-8.39,-8.14,0.25,2.7,2.58,2.82,0.23,4.41,4.16,4.61,0.45
35,3-4,52.84,52.55,53.02,0.47,-9.64,-9.91,-9.43,0.48,55.77,55.56,55.86,0.29,-10.03,-10.19,-9.86,0.33,2.95,2.82,3.18,0.36,0,0,0,0
36,1-2,46.71,46.63,46.81,0.17,-1.85,-2.04,-1.67,0.37,49.44,49.34,49.62,0.27,-1.9,-1.99,-1.82,0.16,2.73,2.65,2.92,0.27,4.49,4.26,4.69,0.43
36,3-4,53.86,53.63,53.99,0.35,-2.75,-2.96,-2.39,0.56,56.71,56.56,56.81,0.25,-2.74,-2.84,-2.62,0.21,2.85,2.75,3.07,0.31,0,0,0,0
37,1-2,46.7,46.58,46.79,0.21,4.27,4.21,4.34,0.12,49.37,49.2,49.62,0.41,4.48,4.38,4.55,0.16,2.67,2.59,2.92,0.33,4.38,4.17,4.55,0.37
37,3-4,53.75,53.45,53.96,0.5,4.41,4.16,4.53,0.37,56.66,56.5,56.75,0.25,4.6,4.51,4.7,0.19,2.92,2.8,3.1,0.3,0,0,0,0
38,1-2,46.05,45.88,46.16,0.27,10.42,10.36,10.55,0.19,48.68,48.59,48.84,0.25,10.83,10.68,10.97,0.29,2.65,2.59,2.84,0.25,4.37,4.12,4.59,0.46
38,3-4,53.03,52.92,53.3,0.37,11.3,11.17,11.44,0.26,55.84,55.57,55.94,0.36,11.89,11.83,11.99,0.16,2.87,2.65,3.03,0.37,0,0,0,0
39,1-2,44.45,44.26,44.55,0.28,16,15.87,16.1,0.23,46.96,46.79,47.09,0.3,16.94,16.87,17.02,0.14,2.68,2.49,2.76,0.26,4.45,4.28,4.55,0.27
39,3-4,51.31,51.08,51.54,0.46,17.92,17.78,18.01,0.23,53.97,53.78,54.04,0.25,18.93,18.87,19.07,0.19,2.84,2.74,2.95,0.2,0,0,0,0
40,1-2,42.05,41.94,42.13,0.19,21.7,21.61,21.78,0.17,44.43,44.23,44.73,0.5,22.89,22.63,23.09,0.46,2.66,2.45,2.94,0.48,4.49,4.22,4.7,0.48
40,3-4,48.68,48.42,49.04,0.61,24.33,24.12,24.61,0.48,51.22,51.03,51.33,0.29,25.79,25.64,25.89,0.25,2.93,2.79,3.15,0.35,0,0,0,0
41,1-2,39.18,39.04,39.29,0.25,26.85,26.78,26.96,0.17,41.32,41.19,41.49,0.3,28.36,28.31,28.42,0.11,2.61,2.49,2.73,0.23,4.45,4.19,4.59,0.39
41,3-4,45.19,44.84,45.41,0.56,30.56,30.48,30.72,0.23,47.56,47.35,47.67,0.32,32.16,32.11,32.25,0.14,2.86,2.69,3.02,0.33,0,0,0,0
42,1-2,35.4,35.22,35.53,0.3,31.81,31.72,31.91,0.19,37.47,37.39,37.63,0.24,33.49,33.29,33.76,0.46,2.66,2.49,2.89,0.39,4.59,4.22,4.9,0.68
42,3-4,41.27,40.94,41.6,0.66,36.08,35.95,36.18,0.22,43.2,42.99,43.32,0.32,38.2,38.15,38.34,0.19,2.87,2.75,2.99,0.24,0,0,0,0
43,1-2,31.31,31.06,31.53,0.47,35.99,35.93,36.1,0.17,33,32.88,33.39,0.5,38.15,38.06,38.47,0.41,2.74,2.59,3.02,0.43,4.37,4.15,4.63,0.47
43,3-4,36.13,35.81,36.51,0.69,41.2,41.06,41.38,0.32,37.98,37.81,38.1,0.28,43.4,43.32,43.47,0.14,2.87,2.59,3.1,0.51,0,0,0,0
44,1-2,26.63,26.41,26.77,0.35,39.9,39.57,40.03,0.46,28.09,27.93,28.29,0.35,42.08,41.57,42.23,0.65,2.62,2.46,2.76,0.29,4.47,4.19,5.16,0.96
44,3-4,30.95,30.76,31.18,0.41,45.52,45.4,45.74,0.34,32.37,32.17,32.44,0.26,47.99,47.86,48.11,0.25,2.85,2.7,2.99,0.29,0,0,0,0
45,1-2,21.28,21.03,21.39,0.35,42.92,42.86,43.02,0.16,22.38,22.29,22.48,0.19,45.3,45.2,45.42,0.21,2.62,2.52,2.74,0.22,4.42,4.21,4.67,0.46
45,3-4,24.76,24.35,25.28,0.92,49.03,48.94,49.13,0.19,25.87,25.62,25.99,0.36,51.66,51.55,51.82,0.27,2.86,2.73,3.14,0.41,0,0,0,0
46,1-2,15.81,15.5,16.01,0.51,45.27,45.22,45.39,0.17,16.65,16.45,16.78,0.33,47.87,47.64,48,0.35,2.72,2.52,2.9,0.37,4.43,4.23,4.63,0.4
46,3-4,18.5,17.93,18.88,0.94,51.9,51.77,52.01,0.23,19.05,18.8,19.18,0.37,54.65,54.54,54.78,0.24,2.81,2.63,3,0.37,0,0,0,0
47,1-2,9.98,9.68,10.1,0.41,46.97,46.91,47,0.09,10.27,10.11,10.42,0.31,49.6,49.47,49.85,0.38,2.64,2.5,2.86,0.35,4.44,4.3,4.66,0.36
47,3-4,11.55,10.88,12.18,1.29,53.85,53.77,53.93,0.15,12.03,11.85,12.18,0.33,56.43,56.33,56.53,0.2,2.64,2.52,2.79,0.26,0,0,0,0
48,1-2,3.92,3.71,4.01,0.29,47.87,47.69,48,0.31,4.2,4.11,4.26,0.14,50.48,50.33,50.61,0.28,2.62,2.52,2.7,0.17,4.41,4.17,4.59,0.42
48,3-4,4.77,4.57,5.07,0.5,54.85,54.73,54.95,0.22,4.88,4.71,5.15,0.44,57.71,57.6,57.85,0.25,2.86,2.73,3.12,0.39,0,0,0,0
