SLOT,LAYER,1H,2H,3H,4H,AX,AY,INNER_R,BX,BY,OUTER_R,C,JUMP
1,1-2,3.55,3.6,0.05,3.58,-60.27,-39.03,0.14,-62.7,-41.85,0.18,3.72,5.62
1,3-4,2.74,3.15,0.41,2.95,-67.83,-44.16,0.08,-70.66,-46.45,0.07,3.64,-1
2,1-2,3.56,3.48,0.08,3.52,-55.54,-47.74,0.39,-57.63,-50.21,0.18,3.24,4.66
2,3-4,3.13,3.1,0.03,3.12,-61.53,-52.77,0.21,-64.02,-55.44,0.04,3.65,-1
3,1-2,5.56,3.54,2.02,4.55,-47.67,-53.87,0.41,-49.57,-56.56,0.07,3.29,5.85
3,3-4,3.32,3.09,0.23,3.21,-54.02,-60.36,0.04,-56.19,-63.15,0.21,3.53,-1
4,1-2,5.8,3.49,2.31,4.63,-40.18,-59.41,0.31,-41.79,-62.4,0.13,3.4,5.83
4,3-4,3.46,3.14,0.32,3.3,-45.62,-66.8,0.01,-47.39,-69.77,0.09,3.46,-1
5,1-2,4.13,3.37,0.76,3.75,-32.47,-64.04,0.24,-33.36,-67.25,0.08,3.33,5.93
5,3-4,3.41,3.08,0.33,3.25,-36.7,-72.15,0.05,-37.96,-75.41,0.2,3.5,-1
6,1-2,4.19,3.69,0.5,3.94,-23.79,-67.54,0.25,-24.43,-70.98,0.3,3.51,5.72
6,3-4,3.56,2.97,0.59,3.27,-26.9,-76.15,0.03,-27.53,-79.62,0.03,3.53,-1
7,1-2,3.87,4.51,0.65,4.2,-15.07,-71.53,0.3,-15.65,-74.79,0.16,3.31,4.96
7,3-4,3.48,3.39,0.09,3.44,-16.93,-79.59,0.16,-17.14,-83.26,0.19,3.68,-1
8,1-2,4.61,4.05,0.55,4.34,-5.39,-71.61,0.09,-4.98,-74.95,0.08,3.37,5.89
8,3-4,3.3,3.78,0.48,3.54,-6.15,-80.73,0.14,-6.07,-84.23,0,3.5,-1
9,1-2,3.77,4.43,0.66,4.09,4.09,-71.72,0.09,4.75,-74.94,0.46,3.29,5.88
9,3-4,3.14,3.81,0.67,3.48,4.5,-80.81,0.42,5.3,-84.47,0.04,3.74,-1
10,1-2,3.83,4.59,0.77,4.22,13.21,-70.48,0.13,14.63,-73.58,0.2,3.4,5.98
10,3-4,3.51,3.34,0.17,3.42,15.06,-79.55,0.22,16.05,-82.82,0.19,3.42,-1
11,1-2,5.78,4.67,1.11,5.22,22.74,-67.98,0.39,24.29,-71.08,0.13,3.47,5.84
11,3-4,4.3,3.43,0.88,3.87,25.51,-76.8,0.19,26.94,-79.9,0.1,3.41,-1
12,1-2,5.73,4.37,1.36,5.05,31.66,-65.78,0.38,33.75,-68.41,0.32,3.36,4.73
12,3-4,4.34,3.26,1.08,3.8,35.27,-72.89,0.25,37.08,-76.06,0.15,3.65,-1
13,1-2,4.36,4.87,0.51,4.62,39.86,-60.51,0.25,42.23,-63.42,0.25,3.75,4.83
13,3-4,4.57,4.54,0.03,4.55,44.33,-67.78,0.03,46.6,-70.63,0.04,3.64,-1
14,1-2,4.49,5,0.51,4.75,46.96,-54.24,0.09,49.66,-56.45,0.13,3.49,5.8
14,3-4,4.48,4.92,0.44,4.7,53.06,-61.15,0.11,55.48,-63.71,0.11,3.52,-1
15,1-2,4.51,4.69,0.17,4.61,53.57,-47.54,0.18,56.54,-49.37,0.1,3.49,5.76
15,3-4,4.32,3.46,0.86,3.89,60.48,-53.58,0.2,62.98,-55.79,0.17,3.34,-1
16,1-2,4.73,4.9,0.17,4.82,59.35,-40.14,0.03,62.52,-41.66,0.14,3.52,5.88
16,3-4,4.72,3.93,0.79,4.33,67.18,-45.25,0.1,70.45,-46.78,0.62,3.62,-1
17,1-2,4.19,4.95,0.76,4.57,64.01,-31.97,0.22,67.47,-33,0.2,3.61,5.77
17,3-4,4.67,4.45,0.22,4.55,72.4,-36.01,0.12,75.81,-37.32,0.06,3.66,-1
18,1-2,4.26,4.92,0.66,4.59,67.89,-23.52,0.25,71.44,-23.82,0.07,3.56,5.85
18,3-4,4.91,3.87,1.04,4.38,76.7,-26.36,0.14,80.2,-27.21,0.17,3.6,-1
19,1-2,4.28,5.13,0.85,4.71,70.45,-14.68,0.29,73.88,-14.38,0.1,3.44,6.04
19,3-4,4.46,3.97,0.49,4.22,79.58,-16.39,0.15,83.08,-16.45,0.11,3.5,-1
20,1-2,4.13,5.13,1,4.63,72.61,-5.35,0.25,76.03,-4.8,0.2,3.46,4.77
20,3-4,4.92,4.09,0.83,4.51,80.73,-5.63,0.11,84.28,-5.52,0.21,3.55,-1
21,1-2,4.26,5.77,1.5,5.01,71.34,3.97,0.17,74.48,5.17,0.14,3.37,6.11
21,3-4,4.7,5.51,0.81,5.11,80.59,4.96,0.07,84.14,5.28,0.02,3.56,-1
22,1-2,4.05,5.51,1.45,4.79,70.42,13.23,0.04,73.48,14.66,0.13,3.38,5.96
22,3-4,4.54,5.47,0.93,5.01,79.41,15.26,0.04,82.86,16.09,0.05,3.55,-1
23,1-2,4.24,4.45,0.21,4.34,68.11,22.54,0.19,71.15,24.37,0.19,3.55,5.7
23,3-4,4.92,4.53,0.39,4.72,76.68,25.78,0.04,80.12,27.11,0.12,3.69,-1
24,1-2,4.22,4.88,0.66,4.55,64.53,31.16,0.07,67.17,33.44,0.14,3.49,5.74
24,3-4,4.86,4.76,0.1,4.8,72.53,35.52,0.25,75.79,37.2,0.03,3.67,-1
25,1-2,4.19,4.98,0.79,4.59,60.33,39.38,0.1,62.57,42,0.29,3.45,5.96
25,3-4,4.48,5.49,1.01,4.99,67.91,44.66,0.12,70.61,46.99,0.23,3.57,-1
26,1-2,4.45,4.98,0.53,4.72,54.39,47.24,0.15,56.54,50.13,0.14,3.6,5.66
26,3-4,4.83,4.76,0.06,4.8,61.2,53.35,0.06,63.86,56.01,0.11,3.76,-1
27,1-2,4.33,4.96,0.63,4.63,47.79,53.57,0.03,49.37,56.58,0.19,3.4,5.97
27,3-4,4.48,4.66,0.18,4.57,53.75,60.64,0.04,55.77,63.53,0.04,3.53,-1
28,1-2,4.15,4.99,0.84,4.57,40.82,59.55,0.08,41.78,62.86,0.03,3.45,5.76
28,3-4,4.68,4.24,0.44,4.46,45.46,67.3,0.18,47.24,70.53,0.05,3.69,-1
29,1-2,4.51,5.27,0.76,4.88,33.04,65,0,33.89,68.45,0.3,3.56,5.25
29,3-4,4.7,4.61,0.09,4.66,36.82,72.81,0.18,37.95,76.06,0.09,3.44,-1
30,1-2,4.48,4.86,0.38,4.67,23.82,67.75,0.23,24,71.22,0.07,3.47,5.84
30,3-4,4.29,4.87,0.57,4.58,26.66,76.42,0.01,27.63,79.73,0.07,3.46,-1
31,1-2,4.29,3.71,0.57,4,14.92,70.64,0.07,14.82,74.2,0.25,3.57,5.7
31,3-4,4.53,4.01,0.52,4.26,16.5,79.65,0.06,16.64,83.34,0.11,3.69,-1
32,1-2,4.25,3.87,0.38,4.05,5.65,71.9,0.11,4.86,75.34,0.16,3.53,5.83
32,3-4,4.37,4.32,0.05,4.34,5.97,81.06,0.07,5.81,84.56,0.09,3.49,-1
33,1-2,4.32,3.89,0.43,4.11,-3.8,72.16,0.09,-4.98,75.48,0.11,3.53,5.86
33,3-4,4.24,4.24,0,4.24,-4.5,81.33,0.03,-5.28,84.9,0.06,3.65,-1
34,1-2,4.19,4.26,0.07,4.22,-13.07,71.03,0.18,-14.67,74.14,0.12,3.5,5.84
34,3-4,4.34,4.07,0.28,4.21,-15.17,79.95,0.07,-16.3,83.33,0.07,3.56,-1
35,1-2,4.09,4.34,0.25,4.22,-22.15,68.63,0.06,-24.26,71.48,0.07,3.55,5.87
35,3-4,4.17,3.82,0.35,4,-25.26,77.27,0.07,-26.94,80.51,0.05,3.65,-1
36,1-2,4.03,4.34,0.31,4.19,-30.99,65.23,0.09,-33.39,67.8,0.04,3.52,5.96
36,3-4,4.08,3.93,0.15,4.01,-35.07,73.52,0.09,-37.08,76.56,0.17,3.65,-1
37,1-2,3.93,4.38,0.45,4.16,-39.15,60.62,0.03,-41.79,62.95,0.12,3.51,5.9
37,3-4,4.01,4.2,0.18,4.11,-44.46,68.22,0.07,-46.74,70.98,0.06,3.59,-1
38,1-2,3.85,4.41,0.56,4.13,-46.71,55.07,0.06,-49.59,56.93,0.12,3.43,5.91
38,3-4,4.05,4,0.06,4.03,-52.94,61.81,0.05,-55.61,64.2,0.04,3.58,-1
39,1-2,3.82,4.44,0.62,4.13,-53.54,48.43,0.09,-56.64,50.02,0.28,3.48,5.79
39,3-4,3.88,3.86,0.02,3.87,-60.52,54.33,0.08,-63.41,56.45,0.06,3.58,-1
40,1-2,3.83,4.41,0.57,4.12,-59.32,40.97,0.1,-62.61,42.03,0.05,3.46,5.89
40,3-4,3.78,3.75,0.03,3.76,-66.98,45.99,0.01,-70.18,47.61,0.09,3.59,-1
41,1-2,3.86,4.09,0.24,3.98,-64.28,32.78,0.12,-67.72,33.49,0.03,3.51,5.81
41,3-4,3.8,3.64,0.16,3.72,-72.41,36.92,0.13,-75.76,38.11,0.1,3.56,-1
42,1-2,4.18,4.13,0.05,4.15,-67.98,23.99,0.06,-71.34,24.56,0.21,3.41,5.89
42,3-4,3.68,3.67,0.01,3.67,-76.73,26.93,0.11,-80.12,27.82,0.05,3.5,-1
43,1-2,5.73,3.71,2.02,4.72,-70.69,14.68,0.39,-74,14.97,0.12,3.32,5.7
43,3-4,2.74,3.45,0.71,3.1,-79.42,16.76,0.16,-83.08,17.27,0.14,3.7,-1
44,1-2,6.03,3.83,2.2,4.93,-71.84,5.41,0.02,-75.26,5.18,0.1,3.42,5.84
44,3-4,3.05,3.4,0.35,3.22,-80.98,6.37,0.13,-84.49,6.17,0.05,3.52,-1
45,1-2,4.23,3.71,0.52,3.97,-71.88,-3.83,0.24,-75.34,-4.75,0.05,3.59,5.6
45,3-4,3.94,3.37,0.56,3.66,-80.94,-4.42,0.07,-84.77,-4.94,0.12,3.87,-1
46,1-2,4.18,3.91,0.27,4.05,-70.63,-13.15,0.27,-73.79,-14.35,0.1,3.38,5.81
46,3-4,4.12,3.29,0.83,3.71,-79.56,-14.94,0.17,-83,-15.9,0.08,3.56,-1
47,1-2,3.95,3.72,0.23,3.84,-68.12,-21.99,0.26,-71.44,-23.84,0.26,3.8,5.84
47,3-4,3.64,3.25,0.39,3.45,-77.12,-25.22,0.08,-80.37,-26.42,0.29,3.46,-1
48,1-2,4.46,3.79,0.67,4.13,-64.65,-31.03,0.06,-67.52,-33.24,0.13,3.62,5.55
48,3-4,3.61,3.21,0.4,3.41,-72.78,-35.04,0.22,-76.05,-36.82,0.13,3.72,-1
