SLOT,LAYER,AX_AVG,AX_MIN,AX_MAX,AX_ABS,AY_AVG,AY_MIN,AY_MAX,AY_ABS,BX_AVG,BX_MIN,BX_MAX,BX_ABS,BY_AVG,BY_MIN,BY_MAX,BY_ABS,C_AVG,C_MIN,C_MAX,C_ABS,JUMP_AVG,JUMP_MIN,JUMP_MAX,JUMP_ABS
1,1-2,-60.42,-60.62,-60.25,0.36,-39.03,-39.25,-38.79,0.45,-62.56,-62.7,-62.48,0.22,-41.73,-41.85,-41.62,0.23,3.45,3.39,3.52,0.12,5.88,5.81,5.96,0.15
1,3-4,-67.91,-67.97,-67.81,0.15,-44.2,-44.35,-44.08,0.27,-70.59,-70.68,-70.48,0.19,-46.46,-46.62,-46.33,0.28,3.5,3.33,3.59,0.25,0,0,0,0
2,1-2,-55.54,-55.96,-55.18,0.78,-47.35,-47.87,-47.12,0.75,-57.57,-57.73,-57.44,0.28,-50.04,-50.32,-49.65,0.67,3.38,3.13,3.87,0.74,5.01,4.5,5.38,0.87
2,3-4,-61.64,-61.98,-61.37,0.6,-52.96,-53.15,-52.77,0.37,-64.06,-64.15,-63.88,0.27,-55.45,-55.71,-55.15,0.56,3.47,3.3,3.73,0.43,0,0,0,0
3,1-2,-47.93,-48.02,-47.69,0.33,-53.55,-53.86,-53.41,0.45,-49.5,-49.63,-49.39,0.24,-56.55,-56.64,-56.42,0.21,3.38,3.25,3.5,0.25,5.94,5.8,6.06,0.25
3,3-4,-54.02,-54.12,-53.89,0.22,-60.41,-60.54,-60.26,0.28,-55.98,-56.15,-55.8,0.35,-63.21,-63.28,-63.13,0.14,3.41,3.3,3.62,0.32,0,0,0,0
4,1-2,-40.42,-40.68,-40.24,0.43,-59.2,-59.47,-59.04,0.42,-41.66,-41.82,-41.43,0.39,-62.39,-62.54,-62.26,0.28,3.42,3.28,3.55,0.27,5.92,5.86,5.98,0.12
4,3-4,-45.63,-45.71,-45.53,0.17,-66.79,-66.92,-66.68,0.23,-47.3,-47.39,-47.17,0.21,-69.75,-69.84,-69.7,0.14,3.39,3.27,3.5,0.23,0,0,0,0
5,1-2,-32.56,-32.82,-32.43,0.39,-63.81,-63.87,-63.75,0.11,-33.3,-33.43,-33.2,0.22,-67.31,-67.4,-67.23,0.16,3.57,3.47,3.63,0.15,5.9,5.8,6.02,0.21
5,3-4,-36.65,-36.88,-36.45,0.42,-72.17,-72.33,-71.91,0.42,-37.77,-37.89,-37.68,0.21,-75.48,-75.54,-75.36,0.18,3.49,3.23,3.73,0.5,0,0,0,0
6,1-2,-24.02,-24.19,-23.93,0.26,-67.43,-67.48,-67.38,0.1,-24.13,-24.25,-24.06,0.19,-70.96,-71.05,-70.89,0.15,3.53,3.48,3.59,0.1,5.89,5.79,6.02,0.22
6,3-4,-26.93,-27.03,-26.81,0.22,-76.16,-76.31,-76.06,0.25,-27.55,-27.66,-27.42,0.23,-79.59,-79.65,-79.52,0.13,3.49,3.35,3.62,0.27,0,0,0,0
7,1-2,-14.85,-15.19,-14.5,0.68,-71.32,-71.53,-71.12,0.4,-15.51,-15.74,-15.23,0.5,-74.7,-74.91,-74.5,0.4,3.45,3.21,3.65,0.43,5.04,4.68,5.32,0.64
7,3-4,-16.77,-17.04,-16.52,0.51,-79.58,-79.84,-79.37,0.47,-17.14,-17.3,-16.97,0.33,-83.07,-83.23,-82.94,0.29,3.51,3.36,3.7,0.34,0,0,0,0
8,1-2,-5.43,-5.69,-5.26,0.43,-71.52,-71.59,-71.41,0.18,-4.94,-5.17,-4.69,0.47,-74.88,-75,-74.77,0.23,3.39,3.29,3.53,0.23,6.06,5.9,6.27,0.36
8,3-4,-6.28,-6.5,-6.12,0.37,-80.8,-80.95,-80.7,0.24,-6.07,-6.32,-5.95,0.37,-84.24,-84.3,-84.14,0.15,3.45,3.33,3.56,0.23,0,0,0,0
9,1-2,4.08,3.95,4.3,0.34,-71.63,-71.75,-71.54,0.2,5.17,5.01,5.37,0.36,-75.15,-75.31,-75.12,0.18,3.69,3.53,3.79,0.26,5.59,4.94,5.75,0.8
9,3-4,4.92,4.82,5.09,0.26,-80.75,-80.87,-80.25,0.62,5.35,5.21,5.56,0.34,-84.47,-84.5,-84.41,0.09,3.74,3.57,4.19,0.62,0,0,0,0
10,1-2,13.34,13.1,14.09,0.99,-70.46,-70.54,-70.39,0.15,14.82,14.74,14.96,0.22,-73.51,-73.59,-73.45,0.14,3.39,3.28,3.47,0.19,6,5.89,6.09,0.2
10,3-4,15.28,15.14,15.37,0.22,-79.5,-79.55,-79.45,0.09,16.21,16.09,16.35,0.26,-82.71,-82.76,-82.68,0.07,3.33,3.28,3.46,0.18,0,0,0,0
11,1-2,22.38,22.21,22.67,0.46,-68.14,-68.2,-68,0.2,24.22,24.15,24.32,0.17,-70.97,-71.09,-70.89,0.2,3.38,3.29,3.45,0.16,5.95,5.87,6,0.12
11,3-4,25.32,25.14,25.51,0.37,-76.83,-76.88,-76.77,0.1,26.84,26.76,26.91,0.14,-79.89,-79.94,-79.86,0.07,3.42,3.36,3.5,0.14,0,0,0,0
12,1-2,31.37,31.07,31.63,0.55,-65.52,-66.09,-64.43,1.65,33.55,33.24,33.69,0.44,-68.15,-68.61,-67.03,1.57,3.42,3.32,3.59,0.27,5.17,4.63,5.93,1.29
12,3-4,35.11,34.96,35.31,0.35,-73.09,-73.42,-72.76,0.65,37.2,36.96,37.36,0.39,-75.97,-76.19,-75.59,0.59,3.56,3.43,3.87,0.43,0,0,0,0
13,1-2,39.74,39.54,40.08,0.53,-60.74,-61.03,-60.52,0.5,41.98,41.65,42.16,0.5,-63.46,-63.55,-63.35,0.19,3.53,3.35,3.75,0.39,4.94,4.53,5.29,0.75
13,3-4,44.33,44.2,44.57,0.36,-67.81,-68.02,-67.53,0.48,46.6,46.44,46.76,0.32,-70.67,-70.78,-70.55,0.23,3.65,3.4,3.97,0.57,0,0,0,0
14,1-2,46.87,46.78,46.98,0.19,-54.22,-54.31,-54.16,0.15,49.58,49.25,49.74,0.49,-56.34,-56.5,-56.2,0.29,3.44,3.29,3.59,0.29,5.92,5.76,6.15,0.39
14,3-4,52.96,52.83,53.04,0.21,-61.2,-61.33,-61.1,0.22,55.41,55.32,55.56,0.24,-63.8,-63.89,-63.71,0.17,3.56,3.41,3.72,0.31,0,0,0,0
15,1-2,53.41,53.28,53.5,0.21,-47.64,-47.82,-47.52,0.29,56.47,56.39,56.54,0.14,-49.29,-49.37,-49.22,0.14,3.47,3.36,3.6,0.24,5.91,5.77,6.07,0.3
15,3-4,60.37,60.28,60.44,0.15,-53.75,-53.98,-53.66,0.32,63.13,62.78,63.31,0.53,-55.87,-56.07,-55.76,0.31,3.48,3.3,3.61,0.31,0,0,0,0
16,1-2,59.32,59.27,59.43,0.15,-40.14,-40.33,-40.06,0.26,62.43,62.23,62.56,0.33,-41.55,-41.74,-41.44,0.3,3.41,3.32,3.52,0.2,6.03,5.9,6.14,0.23
16,3-4,67.13,67.06,67.2,0.14,-45.34,-45.5,-45.23,0.27,70.09,70,70.2,0.2,-47.29,-47.39,-47.18,0.21,3.54,3.38,3.68,0.3,0,0,0,0
17,1-2,63.93,63.69,64.04,0.35,-32.18,-32.44,-32,0.43,67.55,67.44,67.66,0.21,-32.81,-33.04,-32.63,0.41,3.67,3.49,4,0.5,5.84,5.72,5.94,0.22
17,3-4,72.37,72.28,72.44,0.15,-36.13,-36.27,-35.96,0.31,75.8,75.75,75.84,0.09,-37.26,-37.39,-37.13,0.25,3.61,3.57,3.69,0.12,0,0,0,0
18,1-2,67.88,67.75,68.03,0.28,-23.77,-24.1,-23.27,0.83,71.37,71.26,71.48,0.21,-23.79,-23.9,-23.67,0.22,3.5,3.27,3.59,0.31,5.94,5.78,6.09,0.3
18,3-4,76.67,76.58,76.79,0.21,-26.5,-26.62,-26.4,0.22,80.08,80.04,80.14,0.09,-27.08,-27.16,-26.96,0.19,3.46,3.37,3.6,0.23,0,0,0,0
19,1-2,70.32,70.2,70.43,0.23,-14.95,-15.09,-14.81,0.27,73.85,73.81,73.97,0.15,-14.28,-14.5,-14.14,0.35,3.59,3.5,3.7,0.2,6.08,6,6.17,0.16
19,3-4,79.51,79.45,79.63,0.17,-16.53,-16.67,-16.39,0.27,82.97,82.94,83.03,0.09,-16.44,-16.57,-16.35,0.22,3.47,3.36,3.55,0.18,0,0,0,0
20,1-2,72.36,72.15,72.58,0.42,-5.28,-5.65,-5.05,0.59,75.83,75.59,76,0.4,-4.83,-5.03,-4.59,0.44,3.51,3.37,3.68,0.31,5.03,4.38,5.39,1
20,3-4,80.79,80.34,81.11,0.76,-5.73,-6.06,-5.54,0.51,84.42,84.23,84.61,0.37,-5.36,-5.56,-5.23,0.32,3.65,3.42,4,0.58,0,0,0,0
21,1-2,71.35,71.3,71.5,0.2,4.14,3.97,4.28,0.31,74.55,74.44,74.65,0.21,5.3,5.2,5.43,0.22,3.4,3.29,3.55,0.25,6.02,5.8,6.13,0.33
21,3-4,80.56,80.34,80.78,0.43,4.89,4.74,5.01,0.27,84.14,84.08,84.22,0.14,5.31,5.09,5.44,0.35,3.6,3.36,3.88,0.52,0,0,0,0
22,1-2,70.38,70.3,70.45,0.15,13.25,13.13,13.38,0.25,73.45,73.41,73.5,0.09,14.79,14.61,14.96,0.35,3.44,3.37,3.48,0.1,6.02,5.93,6.14,0.2
22,3-4,79.46,79.39,79.56,0.17,15.26,15.05,15.37,0.31,82.85,82.8,82.91,0.1,16.14,16.04,16.28,0.24,3.49,3.37,3.63,0.25,0,0,0,0
23,1-2,67.95,67.81,68.13,0.31,22.66,22.51,22.79,0.27,71,70.93,71.09,0.15,24.5,24.26,24.6,0.33,3.56,3.49,3.74,0.25,5.81,5.42,6.23,0.81
23,3-4,76.66,76.26,77.13,0.86,25.82,25.33,26.17,0.84,80.24,80.13,80.34,0.21,27.09,26.91,27.26,0.35,3.8,3.58,4.12,0.54,0,0,0,0
24,1-2,64.48,64.43,64.54,0.1,31.11,30.87,31.33,0.45,67.03,66.93,67.18,0.25,33.48,33.22,33.58,0.35,3.48,3.39,3.65,0.25,6.05,5.97,6.2,0.23
24,3-4,72.77,72.7,72.89,0.18,35.43,35.29,35.57,0.27,75.81,75.76,75.9,0.14,37.23,37.18,37.29,0.11,3.53,3.43,3.66,0.23,0,0,0,0
25,1-2,60.31,60.22,60.38,0.16,39.28,39.19,39.36,0.17,62.36,62.28,62.43,0.14,42.2,42.14,42.24,0.1,3.56,3.49,3.65,0.15,6.02,5.95,6.1,0.14
25,3-4,67.82,67.72,67.92,0.2,44.75,44.65,44.85,0.2,70.44,70.38,70.53,0.15,47.15,47.09,47.21,0.11,3.55,3.42,3.67,0.25,0,0,0,0
26,1-2,54.36,54.26,54.52,0.26,47.09,46.98,47.17,0.19,56.4,56.21,56.56,0.35,50.09,50.04,50.23,0.18,3.63,3.55,3.7,0.15,5.75,5.55,5.85,0.29
26,3-4,61.14,60.79,61.3,0.5,53.37,53.24,53.65,0.4,63.74,63.66,63.89,0.23,56.01,55.88,56.12,0.23,3.7,3.59,3.85,0.26,0,0,0,0
27,1-2,47.76,47.66,47.87,0.21,53.57,53.47,53.64,0.17,49.24,49.15,49.34,0.19,56.72,56.61,56.88,0.27,3.48,3.39,3.58,0.18,5.94,5.65,6.06,0.4
27,3-4,53.7,53.52,53.8,0.27,60.64,60.53,60.71,0.17,55.73,55.65,55.92,0.27,63.53,63.36,63.82,0.46,3.52,3.38,3.92,0.54,0,0,0,0
28,1-2,40.79,40.65,40.89,0.23,59.47,59.39,59.62,0.22,41.81,41.48,41.96,0.48,62.84,62.77,63.08,0.3,3.51,3.4,3.66,0.26,5.88,5.57,6.11,0.54
28,3-4,45.64,45.4,45.84,0.44,67.31,67.04,67.45,0.4,47.21,47.15,47.4,0.25,70.49,70.45,70.53,0.07,3.54,3.36,3.94,0.58,0,0,0,0
29,1-2,33.05,32.88,33.2,0.32,65,64.88,65.22,0.34,34.06,33.93,34.34,0.41,68.2,67.97,68.54,0.57,3.36,3.3,3.46,0.16,5.18,4.9,5.64,0.73
29,3-4,36.76,36.49,37.15,0.66,72.63,72.23,72.75,0.51,37.98,37.89,38.04,0.15,75.97,75.72,76.13,0.4,3.55,3.3,3.94,0.64,0,0,0,0
30,1-2,24.02,23.86,24.15,0.28,67.63,67.52,67.76,0.24,23.98,23.82,24.06,0.23,71.15,71.03,71.26,0.23,3.52,3.44,3.63,0.18,5.9,5.75,6.1,0.34
30,3-4,26.67,26.52,26.89,0.37,76.41,76.31,76.51,0.2,27.7,27.56,27.82,0.26,79.74,79.66,79.8,0.14,3.48,3.37,3.61,0.23,0,0,0,0
31,1-2,14.88,14.8,15.08,0.27,70.58,70.51,70.68,0.17,14.57,14.43,14.77,0.33,74.23,74.16,74.3,0.14,3.65,3.52,3.81,0.29,5.77,5.6,5.91,0.31
31,3-4,16.45,16.28,16.61,0.32,79.69,79.61,79.77,0.15,16.72,16.59,16.92,0.33,83.26,83.17,83.41,0.23,3.57,3.49,3.82,0.32,0,0,0,0
32,1-2,5.6,5.22,5.8,0.58,71.8,71.73,71.87,0.14,4.71,4.65,4.92,0.26,75.27,75.2,75.38,0.17,3.58,3.5,3.68,0.18,5.91,5.73,6.06,0.32
32,3-4,6.04,5.85,6.15,0.3,81.04,80.97,81.13,0.15,5.72,5.38,5.92,0.54,84.54,84.45,84.7,0.25,3.51,3.33,3.67,0.33,0,0,0,0
33,1-2,-3.75,-3.94,-3.61,0.33,72.08,71.98,72.15,0.17,-5.05,-5.19,-4.83,0.36,75.39,75.34,75.45,0.11,3.56,3.45,3.67,0.21,5.97,5.76,6.16,0.4
33,3-4,-4.53,-4.76,-4.37,0.39,81.34,81.09,81.45,0.35,-5.3,-5.45,-5.11,0.33,84.84,84.68,84.95,0.26,3.58,3.43,3.82,0.38,0,0,0,0
34,1-2,-13.22,-13.37,-13.12,0.25,70.93,70.86,71.03,0.17,-14.79,-14.95,-14.67,0.27,74.09,74.04,74.15,0.1,3.52,3.47,3.57,0.09,5.93,5.86,6,0.13
34,3-4,-15.22,-15.31,-15.12,0.19,80.01,79.98,80.09,0.11,-16.28,-16.39,-16.1,0.29,83.4,83.33,83.52,0.18,3.55,3.47,3.68,0.2,0,0,0,0
35,1-2,-22.1,-22.3,-21.98,0.32,68.59,68.51,68.67,0.15,-24.29,-24.51,-24.01,0.5,71.41,71.33,71.5,0.17,3.57,3.52,3.62,0.1,6,5.84,6.13,0.29
35,3-4,-25.26,-25.36,-25.18,0.17,77.34,77.23,77.43,0.19,-26.96,-27.07,-26.89,0.17,80.46,80.38,80.55,0.17,3.55,3.41,3.69,0.27,0,0,0,0
36,1-2,-30.93,-31.11,-30.84,0.26,65.16,65.06,65.23,0.17,-33.37,-33.46,-33.2,0.25,67.76,67.64,67.89,0.25,3.56,3.45,3.7,0.25,5.99,5.84,6.07,0.23
36,3-4,-35.16,-35.4,-35.06,0.33,73.48,73.42,73.64,0.21,-37.24,-37.45,-37.02,0.42,76.48,76.41,76.61,0.2,3.64,3.44,3.79,0.35,0,0,0,0
37,1-2,-39.12,-39.19,-39.04,0.14,60.63,60.57,60.7,0.13,-41.87,-41.94,-41.77,0.16,62.85,62.77,63.07,0.29,3.53,3.46,3.6,0.14,5.96,5.82,6.03,0.2
37,3-4,-44.4,-44.56,-44.32,0.24,68.26,68.17,68.37,0.2,-46.73,-46.89,-46.61,0.28,70.92,70.81,71.03,0.21,3.53,3.44,3.61,0.16,0,0,0,0
38,1-2,-46.66,-46.77,-46.56,0.21,55.03,54.85,55.18,0.32,-49.69,-49.81,-49.6,0.21,56.86,56.71,57,0.28,3.53,3.44,3.62,0.18,5.92,5.83,6.01,0.17
38,3-4,-52.9,-53.02,-52.77,0.25,61.85,61.68,61.95,0.27,-55.57,-55.66,-55.48,0.17,64.21,64.08,64.33,0.25,3.57,3.46,3.65,0.18,0,0,0,0
39,1-2,-53.47,-53.54,-53.4,0.14,48.36,48.27,48.44,0.16,-56.79,-56.96,-56.62,0.34,49.78,49.48,50,0.52,3.61,3.51,3.72,0.21,5.9,5.79,6.13,0.33
39,3-4,-60.48,-60.56,-60.37,0.19,54.4,54.3,54.49,0.19,-63.43,-63.51,-63.38,0.12,56.39,56.32,56.5,0.17,3.55,3.45,3.66,0.2,0,0,0,0
40,1-2,-59.22,-59.28,-59.19,0.09,40.97,40.9,41.04,0.14,-62.6,-62.69,-62.51,0.17,41.98,41.87,42.12,0.25,3.52,3.45,3.62,0.16,5.95,5.83,6.13,0.29
40,3-4,-66.98,-67.06,-66.81,0.25,46.01,45.93,46.11,0.17,-70.09,-70.18,-70.01,0.17,47.59,47.52,47.72,0.19,3.48,3.37,3.67,0.29,0,0,0,0
41,1-2,-64.16,-64.23,-64.08,0.15,32.75,32.52,32.86,0.33,-67.68,-67.77,-67.61,0.15,33.49,33.31,33.75,0.43,3.59,3.54,3.68,0.14,5.76,5.67,5.92,0.25
41,3-4,-72.42,-72.52,-72.33,0.18,36.79,36.59,36.9,0.3,-75.8,-75.89,-75.62,0.26,38.01,37.71,38.15,0.44,3.6,3.41,3.74,0.33,0,0,0,0
42,1-2,-67.92,-67.98,-67.87,0.1,23.97,23.86,24.12,0.26,-71.4,-71.45,-71.31,0.14,24.35,24.21,24.44,0.23,3.49,3.42,3.54,0.12,5.9,5.83,6,0.16
42,3-4,-76.67,-76.77,-76.58,0.18,27.03,26.89,27.19,0.3,-80.07,-80.16,-79.92,0.23,27.81,27.67,27.99,0.31,3.49,3.39,3.61,0.21,0,0,0,0
43,1-2,-70.58,-70.7,-70.53,0.17,15.06,14.8,15.25,0.44,-74.03,-74.14,-73.9,0.23,14.85,14.76,14.96,0.2,3.45,3.2,3.59,0.38,5.83,5.67,5.9,0.23
43,3-4,-79.49,-79.62,-79.42,0.2,16.91,16.8,17.05,0.25,-83.02,-83.11,-82.94,0.17,17.14,17.04,17.28,0.24,3.54,3.46,3.61,0.14,0,0,0,0
44,1-2,-71.83,-72.19,-71.7,0.48,5.43,4.49,5.78,1.29,-75.27,-75.41,-75.16,0.25,5.08,4.86,5.32,0.46,3.47,3.19,3.66,0.47,5.74,5.61,5.84,0.22
44,3-4,-80.9,-81.03,-80.84,0.18,6.26,6.07,6.42,0.34,-84.54,-84.67,-84.41,0.26,6.17,6.01,6.47,0.46,3.64,3.38,3.75,0.37,0,0,0,0
45,1-2,-71.67,-71.83,-71.58,0.25,-3.71,-3.85,-3.54,0.31,-75.29,-75.37,-75.04,0.32,-4.76,-4.96,-4.51,0.45,3.76,3.47,4.03,0.56,5.64,5.45,5.98,0.53
45,3-4,-80.92,-81.03,-80.78,0.25,-4.35,-4.55,-4.03,0.51,-84.65,-84.72,-84.48,0.23,-4.96,-5.17,-4.67,0.5,3.77,3.65,4.04,0.39,0,0,0,0
46,1-2,-70.6,-70.68,-70.54,0.14,-12.88,-13.1,-12.73,0.36,-73.75,-73.81,-73.69,0.12,-14.45,-14.59,-14.35,0.24,3.52,3.43,3.61,0.17,5.9,5.78,6.01,0.22
46,3-4,-79.65,-79.7,-79.55,0.15,-14.79,-14.97,-14.62,0.35,-82.98,-83.06,-82.93,0.12,-15.82,-15.98,-15.6,0.38,3.48,3.39,3.61,0.21,0,0,0,0
47,1-2,-68.24,-68.34,-68.15,0.19,-22.23,-22.37,-22.14,0.23,-71.36,-71.41,-71.33,0.07,-24.09,-24.26,-23.93,0.33,3.63,3.53,3.76,0.23,5.77,5.67,5.88,0.2
47,3-4,-77.04,-77.09,-76.95,0.14,-25.19,-25.33,-24.93,0.39,-80.32,-80.41,-80.12,0.28,-26.71,-26.83,-26.52,0.3,3.61,3.45,3.71,0.25,0,0,0,0
48,1-2,-64.59,-64.73,-64.48,0.25,-31.06,-31.14,-30.99,0.15,-67.39,-67.48,-67.34,0.14,-33.26,-33.42,-33.1,0.32,3.55,3.38,3.68,0.3,5.84,5.76,5.93,0.16
48,3-4,-72.99,-73.09,-72.89,0.2,-34.96,-35.06,-34.69,0.37,-75.92,-76.01,-75.84,0.17,-36.86,-36.99,-36.71,0.28,3.49,3.32,3.62,0.3,0,0,0,0
